layer,decision_rule,num_examples,accuracy,recall,precision,f1,f0.5
0,argmax,2198400,0.9134916302765648,0.3202914620624109,0.2792817679558011,0.2983841215966945,0.28662149519462476
1,argmax,2198400,0.916100345705968,0.5102566133375575,0.3444542465313979,0.4112737196571921,0.36839547118023785
2,argmax,2198400,0.9044045669577875,0.6783225091081895,0.33561662623879746,0.44905321053776803,0.3733409008481196
3,argmax,2198400,0.9233278748180495,0.7964992871851735,0.4131242092117587,0.5440587738850058,0.4571298178499089
4,argmax,2198400,0.9162927583697235,0.8639949310945668,0.3953351839906066,0.542459186768706,0.4434428282000501
5,argmax,2198400,0.9577711062590976,0.8989941390780928,0.5863267730771218,0.7097514459903079,0.6301603339921388
6,argmax,2198400,0.9342444505094615,0.8875891018533185,0.4622634894052328,0.6079182838745725,0.5112620257230033
7,argmax,2198400,0.9317353529839884,0.8959686361476319,0.45238599872832047,0.601212256492428,0.5021029514110813
8,argmax,2198400,0.9433174126637555,0.9149611911927769,0.5035942056783654,0.6496315270049514,0.5533516374031469
9,argmax,2198400,0.9709970887918487,0.9248930777760177,0.6826908461655383,0.785546593836819,0.7204223197232243
10,argmax,2198400,0.9697666484716158,0.8859179470932995,0.6823941384969222,0.7709501442223194,0.7152576707829877
11,argmax,2198400,0.9665365720524017,0.8860763503880881,0.6540237814074759,0.7525679575404113,0.6901733761715106
12,argmax,2198400,0.9667485443959243,0.7668541105654998,0.6892003473655738,0.72595652793294,0.7034469430575817
