layer,decision_rule,num_examples,accuracy,recall,precision,f1,f0.5
0,argmax,2198400,0.9190952510917031,0.25970220180579756,0.27982352087795803,0.2693876545035553,0.27555362833286273
1,argmax,2198400,0.8855713245997089,0.5207429114525582,0.25603392549786214,0.3432848289293005,0.2850096926443406
2,argmax,2198400,0.8851742176128093,0.5136385236812926,0.25344989975652366,0.33941753873610775,0.2820221122870005
3,argmax,2198400,0.9157846615720524,0.39193727229526376,0.31349817232706795,0.3483568042068065,0.32656956117751407
4,argmax,2198400,0.8862704694323144,0.5830033264691905,0.2716406564249418,0.3706043907633363,0.3041252958208284
5,argmax,2198400,0.9164023835516739,0.47690479961983206,0.3383778498333792,0.39587257444717283,0.3592480693414283
6,argmax,2198400,0.885869268558952,0.6202281007444955,0.2784207064512115,0.3843199803693025,0.31290956749672344
7,argmax,2198400,0.9192567321688501,0.35137810866466024,0.3169471909470195,0.3332757403206178,0.32328277204866473
8,argmax,2198400,0.9167430858806405,0.5106367812450499,0.347155364585016,0.4133176057286091,0.37090453463915724
9,argmax,2198400,0.9418850072780204,0.5192063994931094,0.4943443179247417,0.5064704291729439,0.49912440992843005
10,argmax,2198400,0.9332805676855895,0.472057658799303,0.4268872654347515,0.4483375959079284,0.43521628647369803
11,argmax,2198400,0.9309434133915575,0.48895137018849993,0.4142621322739961,0.4485186207698232,0.42731700158924407
12,argmax,2198400,0.9305199235807861,0.48621891335339773,0.4112819482129099,0.4456219943743762,0.42436266106287673
