layer,threshold,num_examples,accuracy,recall,precision,f1,f0.5
0,0.9,2198400,0.8936408296943231,0.4238080152067163,0.24937086401342157,0.3139889684309353,0.27174023441467426
1,0.9,2198400,0.8611098981077147,0.7731981625217804,0.2608008035819237,0.3900404327745194,0.3006486995212977
2,0.9,2198400,0.8647980349344978,0.7042372881355933,0.254921130039392,0.37433850739482427,0.2922079202454472
3,0.9,2198400,0.8634693413391558,0.7192935213052432,0.2554475775261937,0.37700634100272945,0.2932715905861686
4,0.9,2198400,0.8653870997088792,0.6240297798194202,0.24076173480457017,0.3474652325291667,0.2744775903104081
5,0.9,2198400,0.8928816411935954,0.4853556153968003,0.26438041166395587,0.34230319144479415,0.29086578623612147
6,0.9,2198400,0.8817053311499272,0.5964676065262158,0.2647854046318987,0.3667584658577624,0.2979185654969872
7,0.9,2198400,0.8823849163027656,0.5508712181213369,0.25626448449031175,0.3498017205177144,0.28695754779256444
8,0.9,2198400,0.8721056222707424,0.6026611753524473,0.2477864579093221,0.35118277038954926,0.2808635413344672
9,0.9,2198400,0.8723567139737991,0.6579597655631237,0.2592020567926889,0.37189625726622183,0.29495347436829666
10,0.9,2198400,0.8900309315866084,0.5133058767622366,0.26440542437050213,0.34902632372581965,0.29280109584684166
11,0.7,2198400,0.8891189046579331,0.5212894028195787,0.2641839630404155,0.3506581032879858,0.2930955247914158
12,0.9,2198400,0.8854717066957788,0.5489782987486139,0.26240691736040916,0.35508584630910817,0.29299622605778597
13,0.9,2198400,0.876353711790393,0.6212577221606209,0.25935379772784384,0.36594013585131,0.293554964087794
14,0.9,2198400,0.8801091703056768,0.5583478536353557,0.25331115119546393,0.34851024070476216,0.2843841067296614
15,0.9,2198400,0.8463109534206695,0.7352447330904482,0.23367247793714163,0.35463599307781346,0.27059106098092756
16,0.9,2198400,0.8587982168850072,0.712513860288294,0.24709268791096511,0.3669357305717234,0.284224321175189
17,0.9,2198400,0.8810102802037846,0.5472041818469824,0.2526077943160504,0.34565134190666064,0.2830889101589133
18,0.9,2198400,0.8464051128093159,0.7826231585616981,0.24158071148641547,0.36919731510524184,0.2803418551235145
19,0.9,2198400,0.8573339701601165,0.6744178678916521,0.23806688082397442,0.351910666796159,0.2734517503070038
20,0.9,2198400,0.8795401200873363,0.562402977981942,0.2530820416498858,0.34907837782699214,0.2843617648377982
21,0.9,2198400,0.865753729985444,0.6723665452241406,0.2506784230465993,0.36519951044604043,0.2866317953205949
22,0.9,2198400,0.850714155749636,0.7758514177094884,0.24622217530313084,0.37381226770055026,0.2851538029822106
