layer,decision_rule,num_examples,accuracy,recall,precision,f1,f0.5
0,argmax,2198400,0.9091521106259097,0.38357357833042927,0.2843471113198685,0.3265897902758109,0.2998613071798301
1,argmax,2198400,0.880325691411936,0.6441549184223032,0.27156136683873466,0.3820563048145173,0.3070865011976717
2,argmax,2198400,0.8746479257641921,0.7325201964200856,0.27666995722277066,0.4016415155791988,0.315999508001804
3,argmax,2198400,0.8645828784570597,0.783122128940282,0.2678178198512981,0.399136147581516,0.3084046561533087
4,argmax,2198400,0.8594973617176128,0.8730080785680342,0.2734641119598683,0.4164712950071127,0.3170051859248386
5,argmax,2198400,0.8691712154294032,0.8703152225566292,0.28831934845694074,0.43314557358697325,0.33283376666803977
6,argmax,2198400,0.8684675218340612,0.8975051481070806,0.29090540356678024,0.43939208877876845,0.33637474353128916
7,argmax,2198400,0.9191621179039301,0.8352922540788849,0.4019483043806359,0.5427308422661472,0.448482209377881
8,argmax,2198400,0.9497943959243086,0.8430223348645652,0.5403265107212476,0.6585574103176469,0.5821304969876223
9,argmax,2198400,0.9789610625909753,0.9036828766038334,0.7699507389162562,0.8314738568045181,0.7934341186615115
10,argmax,2198400,0.9749144832605531,0.9305876762236654,0.7169636319257994,0.8099262425036189,0.7514646064110108
11,argmax,2198400,0.9813391557496361,0.9055361951528592,0.7971344906923238,0.8478846082539212,0.8166876196462756
12,argmax,2198400,0.9852983988355167,0.9051085062569302,0.8489132211145612,0.8761106724215917,0.8595870215364989
