layer,decision_rule,num_examples,accuracy,recall,precision,f1,f0.5
0,argmax,2198400,0.9228074963609898,0.24425788056391573,0.29337899543379,0.26657446624600223,0.28203533672312253
1,argmax,2198400,0.8969400473071325,0.49425788056391573,0.27721140562463076,0.3552025317536435,0.3039022993431561
2,argmax,2198400,0.878634461426492,0.6309203231427214,0.26564844766065293,0.3738765165559806,0.30043598292274504
3,argmax,2198400,0.8906495633187773,0.4646364644384603,0.2534497507193281,0.32798846044179064,0.2787931840733602
4,argmax,2198400,0.8778857350800582,0.5223269444004436,0.24060723693331484,0.32945343371116564,0.2697000579076683
5,argmax,2198400,0.8969586972343523,0.4436797085379376,0.2638621976034366,0.33092118476861093,0.28713674144725243
6,argmax,2198400,0.9048071324599709,0.38606843022334864,0.2700524093915857,0.3178033785149399,0.28732075240372146
7,argmax,2198400,0.8950254730713246,0.4374940598764454,0.25693049043685345,0.3237372967777478,0.28004680459285275
8,argmax,2198400,0.9073894650655022,0.34596071598289246,0.2652203743844757,0.30025742635509717,0.2782059186189889
9,argmax,2198400,0.8962822962154294,0.5252574053540313,0.28294175117645304,0.3677738312107827,0.31170099565341636
10,argmax,2198400,0.9008397016011644,0.44388563282116267,0.2749676191223801,0.3395802280631597,0.2976190476190476
11,argmax,2198400,0.8975614082969432,0.489212735624901,0.27763768839026054,0.35423829418731023,0.30392612245219297
12,argmax,2198400,0.9133205967976711,0.33758910185331853,0.2850264805007222,0.30908906324781366,0.29418747825894903
13,argmax,2198400,0.901549308588064,0.41089814668145097,0.2675136902245094,0.3240535425398352,0.2875844238777112
14,argmax,2198400,0.8834429585152839,0.564612703944242,0.26155454862321365,0.35749909105725713,0.29300933841904514
15,argmax,2198400,0.8684702510917031,0.5857912244574687,0.23795842596495068,0.3384376737386148,0.2700257605495584
16,argmax,2198400,0.8610889737991266,0.6988594962775225,0.2481397533169478,0.36624067671388666,0.28488646900659415
17,argmax,2198400,0.874583788209607,0.5971249801995882,0.2511082763513311,0.3535419612146279,0.28402515325220157
18,argmax,2198400,0.8555258369723435,0.7535482338032631,0.24930169427572726,0.37465396595379385,0.28782160342495094
19,argmax,2198400,0.8912459061135372,0.5325914779027404,0.27190020823645955,0.36000803051596064,0.30140651893287435
20,argmax,2198400,0.8829153020378457,0.6182876603833359,0.27174877901896827,0.3775551412355603,0.3060565999861997
21,argmax,2198400,0.8660107350800582,0.7097338824647552,0.2578555725647725,0.3782778650186583,0.2954814041029943
22,argmax,2198400,0.8861149017467249,0.6122604150166323,0.2773605823912053,0.3817735997214629,0.31143039467832073
