layer,decision_rule,num_examples,accuracy,recall,precision,f1,f0.5
0,argmax,2198400,0.9213518922852983,0.2600982100427689,0.29237891737891736,0.2752954983653282,0.28529728602703547
1,argmax,2198400,0.8949872634643377,0.5290907650879139,0.2804421383172548,0.36658014739372125,0.3095356802621483
2,argmax,2198400,0.8938477983988355,0.49223031839062253,0.2685747375790288,0.34752825984236557,0.295420925740014
3,argmax,2198400,0.8824613355167394,0.5145414224615872,0.2478965463294018,0.3345925748527666,0.27656027571738967
4,argmax,2198400,0.8757687409024745,0.5213923649611912,0.23636683518124893,0.3252744755071991,0.26538166326428597
5,argmax,2198400,0.8904566957787482,0.45797560589260256,0.2511815401723659,0.3244274380870092,0.2761170938179262
6,argmax,2198400,0.9049203966521107,0.34396483446855697,0.256035514470496,0.29355720712043015,0.2698311512729514
7,argmax,2198400,0.9006545669577875,0.3965388880088706,0.26039266675334805,0.3143579198518216,0.2795914492494639
8,argmax,2198400,0.890995269286754,0.4637494059876445,0.2540458690917295,0.328265244910888,0.27930581155288936
9,argmax,2198400,0.8987741084425036,0.46088230635197214,0.2736378299327085,0.34339381028393384,0.29783864680495614
10,argmax,2198400,0.8845655931586608,0.5241881831142088,0.25467236675529764,0.3427988366883428,0.2838624229697643
11,argmax,2198400,0.9098617176128093,0.37587517820370664,0.2844930941876079,0.32386138748993437,0.29903317353980474
12,argmax,2198400,0.9085262008733624,0.3699746554728338,0.2776206154687333,0.31721229653472405,0.2922090107943371
13,argmax,2198400,0.8909120269286754,0.5318628227467131,0.2709257055251851,0.35898696959572335,0.3004017106252013
14,argmax,2198400,0.8945774199417759,0.46943608427055283,0.26455189405605173,0.3383984721797986,0.289853017119965
15,argmax,2198400,0.8544141193595342,0.6825043560906067,0.23535404296693632,0.35001076356310495,0.2708432338379762
16,argmax,2198400,0.8544482350800582,0.6864723586250594,0.2361245433419875,0.351384167563634,0.27178439370450086
17,argmax,2198400,0.8816270924308588,0.5301362268335181,0.24990572765185315,0.33968449712129634,0.2794491426357521
18,argmax,2198400,0.8730181040756914,0.5877316648186283,0.24628042122590943,0.3471096028495852,0.2786585695574328
19,argmax,2198400,0.9010939774381368,0.4363773166481863,0.27361212500434523,0.33633774787946125,0.29566851554517587
20,argmax,2198400,0.9053461608442503,0.48619515285917947,0.30003274666301727,0.3710742577698792,0.3249144669427437
21,argmax,2198400,0.888262827510917,0.595841913511801,0.2787933813856103,0.3798538266368766,0.311996118244252
22,argmax,2198400,0.8880590429403202,0.6172025978140345,0.28266838842600484,0.38775261415062184,0.3170361787718225
