layer,decision_rule,num_examples,accuracy,recall,precision,f1,f0.5
0,argmax,2198400,0.9071233624454148,0.3649611911927768,0.270931326434619,0.310994128366066,0.28565052443650973
1,argmax,2198400,0.8850482168850072,0.6241723427847299,0.2774284849295586,0.3841238429931323,0.31210495800475874
2,argmax,2198400,0.8983792758369723,0.5796610169491525,0.30054328409692876,0.39584724930296206,0.33257114190574516
3,argmax,2198400,0.8928470705967977,0.6227863139553302,0.2949795739221446,0.400340095359073,0.32968594869455553
4,argmax,2198400,0.8923689956331877,0.6246554728338349,0.29418412944713423,0.399990871146229,0.3289947907454807
5,argmax,2198400,0.8996997816593887,0.6084191351180105,0.3099064862553353,0.4106452699271392,0.3436255336508698
6,argmax,2198400,0.922849344978166,0.4820133058767622,0.3686949462639187,0.4178068555501397,0.38688584200863546
7,argmax,2198400,0.9183451601164483,0.511009028987803,0.35394152175105603,0.4182142278398963,0.37712468728811577
8,argmax,2198400,0.9056582059679767,0.6918343101536512,0.34142423283029044,0.45721179891285857,0.37990852725045926
9,argmax,2198400,0.9420014556040757,0.8483684460636781,0.49711334082070224,0.6268910907313876,0.5419943814539405
10,argmax,2198400,0.9321119905385735,0.9164264216695708,0.4548252561900307,0.6079319919823675,0.5057769105418126
11,argmax,2198400,0.911261826783115,0.95193252019642,0.3887110127941424,0.552013484467143,0.4408815062402977
12,argmax,2198400,0.9315192867540029,0.8513781086646602,0.44924731901804593,0.5881467863806226,0.4961130618107169
13,argmax,2198400,0.9374731622998544,0.8523285284333915,0.47527039380998015,0.6102543600736059,0.5214026295185159
14,argmax,2198400,0.9581845887918486,0.8292095675590052,0.5980612250726898,0.694918010480587,0.6333726962985907
15,argmax,2198400,0.9489742540029112,0.8412244574687153,0.5355070308206573,0.6544218902591181,0.5774805790192513
16,argmax,2198400,0.9509579694323144,0.6897988278156185,0.5592197352030923,0.6176835625279253,0.5812249408724715
17,argmax,2198400,0.9518690866084425,0.6147315064153335,0.5758589733126581,0.5946606497780059,0.5832351455983841
18,argmax,2198400,0.9489269468704512,0.7298431807381593,0.5410435711811366,0.6214195880355655,0.5705627984387074
19,argmax,2198400,0.9531359170305677,0.7972913036591162,0.5652281328257476,0.6614973156611622,0.6001655036892537
20,argmax,2198400,0.9693381550218341,0.7333438935529859,0.7329317428026375,0.7331377602527406,0.7330141358869129
21,argmax,2198400,0.9700050036390102,0.7650641533343894,0.7269764816556914,0.7455341810253343,0.7342875820968134
22,argmax,2198400,0.9722489082969432,0.7356169808332014,0.7707417058071797,0.7527698305277064,0.7634509538307764
